image: /home/ubuntu/map/1.pgm
resolution: 0.050000
origin: [-1.551542, -4.161613, 0.000000]
negate: 0
occupied_thresh: 0.65
free_thresh: 0.196

