image: /home/ubuntu/map/2.pgm
resolution: 0.010000
origin: [-3.050000, -2.850000, 0.000000]
negate: 0
occupied_thresh: 0.65
free_thresh: 0.196

