image: /home/ubuntu/map/3.pgm
resolution: 0.010000
origin: [-3.943542, -4.449894, 0.000000]
negate: 0
occupied_thresh: 0.65
free_thresh: 0.196

