image: /home/ubuntu/map/4.pgm
resolution: 0.010000
origin: [-3.941266, -4.447143, 0.000000]
negate: 0
occupied_thresh: 0.65
free_thresh: 0.196

