image: /home/ubuntu/map/5.pgm
resolution: 0.010000
origin: [-3.938260, -4.434973, 0.000000]
negate: 0
occupied_thresh: 0.65
free_thresh: 0.196

