image: /home/ubuntu/map/6.pgm
resolution: 0.010000
origin: [-3.944867, -4.426864, 0.000000]
negate: 0
occupied_thresh: 0.65
free_thresh: 0.196

