image: 7.pgm
resolution: 0.010000
origin: [-3.945064, -4.432546, 0.000000]
negate: 0
occupied_thresh: 0.65
free_thresh: 0.196

