image: map.png
resolution: 0.010000
origin: [-3.945064, -4.432546, 0.000000]
occupied_thresh: 0.65
free_thresh: 0.196
negate: 0
