image: map.png
resolution: 0.010000
origin: [-0.609383, -3.820611, 0.000000]
occupied_thresh: 0.65
free_thresh: 0.196
negate: 0
